-10	4.53999e-05	-136.552
-9.9	5.01747e-05	-136.053
-9.8	5.54516e-05	-135.555
-9.7	6.12835e-05	-135.056
-9.6	6.77287e-05	-134.558
-9.5	7.48518e-05	-134.06
-9.4	8.27241e-05	-133.562
-9.3	9.14242e-05	-133.065
-9.2	0.000101039	-132.568
-9.1	0.000111666	-132.071
-9	0.00012341	-131.574
-8.9	0.000136389	-131.077
-8.8	0.000150733	-130.581
-8.7	0.000166586	-130.086
-8.6	0.000184106	-129.591
-8.5	0.000203468	-129.096
-8.4	0.000224867	-128.602
-8.3	0.000248517	-128.109
-8.2	0.000274654	-127.616
-8.1	0.000303539	-127.124
-8	0.000335463	-126.633
-7.9	0.000370744	-126.143
-7.8	0.000409735	-125.654
-7.7	0.000452827	-125.166
-7.6	0.000500451	-124.68
-7.5	0.000553084	-124.194
-7.4	0.000611253	-123.711
-7.3	0.000675539	-123.229
-7.2	0.000746586	-122.749
-7.1	0.000825105	-122.271
-7	0.000911882	-121.795
-6.9	0.00100779	-121.322
-6.8	0.00111378	-120.852
-6.7	0.00123091	-120.384
-6.6	0.00136037	-119.921
-6.5	0.00150344	-119.461
-6.4	0.00166156	-119.005
-6.3	0.0018363	-118.554
-6.2	0.00202943	-118.108
-6.1	0.00224287	-117.668
-6	0.00247875	-117.234
-5.9	0.00273944	-116.807
-5.8	0.00302755	-116.387
-5.7	0.00334597	-115.976
-5.6	0.00369786	-115.575
-5.5	0.00408677	-115.183
-5.4	0.00451658	-114.803
-5.3	0.00499159	-114.435
-5.2	0.00551656	-114.081
-5.1	0.00609675	-113.743
-5	0.00673795	-113.421
-4.9	0.00744658	-113.118
-4.8	0.00822975	-112.835
-4.7	0.00909528	-112.575
-4.6	0.0100518	-112.339
-4.5	0.011109	-112.131
-4.4	0.0122773	-111.953
-4.3	0.0135686	-111.808
-4.2	0.0149956	-111.7
-4.1	0.0165727	-111.631
-4	0.0183156	-111.607
-3.9	0.0202419	-111.632
-3.8	0.0223708	-111.71
-3.7	0.0247235	-111.846
-3.6	0.0273237	-112.047
-3.5	0.0301974	-112.317
-3.4	0.0333733	-112.666
-3.3	0.0368832	-113.098
-3.2	0.0407622	-113.623
-3.1	0.0450492	-114.248
-3	0.0497871	-114.984
-2.9	0.0550232	-115.839
-2.8	0.0608101	-116.825
-2.7	0.0672055	-117.953
-2.6	0.0742736	-119.234
-2.5	0.082085	-120.682
-2.4	0.090718	-122.31
-2.3	0.100259	-124.133
-2.2	0.110803	-126.164
-2.1	0.122456	-128.421
-2	0.135335	-130.919
-1.9	0.149569	-133.674
-1.8	0.165299	-136.705
-1.7	0.182684	-140.027
-1.6	0.201897	-143.66
-1.5	0.22313	-147.619
-1.4	0.246597	-151.924
-1.3	0.272532	-156.59
-1.2	0.301194	-161.634
-1.1	0.332871	-167.073
-1	0.367879	-172.919
-0.9	0.40657	-179.188
-0.8	0.449329	-185.89
-0.7	0.496585	-193.035
-0.6	0.548812	-200.632
-0.5	0.606531	-208.686
-0.4	0.67032	-217.2
-0.3	0.740818	-226.175
-0.2	0.818731	-235.607
-0.1	0.904837	-245.49
-1.87905e-14	1	-255.815
